01000010
11010111
00000101
10000001
11000000
00010010
01000001
01010000
00010001
11000110
11010111
00000101
00000101
00000101
00000101
00110101
00110101
01000010
00010010
11000110
11010001
00010010
11001111
11010001
10000100
01011111
00010001
11001111
10011010
00011101
11000011
00011000
00100010
11010001
00101110
01000001
00011110
10000111
10010110
00111100
01010110
11110000 
11000000
11000000
01011010
00000101
11110000
11000000
10011010
01000001
00011000
10110100
01011111
00011011
00010001
11000000
11010001
00010001
11001111
00011000
11010001
10000001
00010010
01000010
00011000
11010001
10110010
11010010
00010001
11010111
11110000
01001101
01011010
00000101
00000101
00000101
10000001
11000000
11110000
11001111
11010001
10000100
11010111
00010001
11000110
11010111
00000101
00000101
00000101
00000101
00110101
00110101
01000010
00010010
11001111
11010010
00011011
10000100
11010100
00000101
00000101
00000101
00000101
11110000
11000000
11000000
11000000
01000111
00011000
11010001
10000100
10011100
10110010
10011010
10001110
11000000
10000100
01010110
00000101
11110000
01000100
00010100
11000110
11010001
00010010
01000001
01010110
00000101
00000101
10000001
11110000
01000111
00011000
00011000
11010100
00010001
01000111
00011000
11010001
10000100
10011100
10110010
10011010
10110100
11010100
11110000
11000000
11010111
11110000
11000110
00011000
11010001
10000100
01010110
00010001
01000100
10011010
01000111
00011000
00010010
11011000
00000101
00000101
00000101
00000101
11000000
11110000
11000110
00011000
01010101
00010001
11000000
11011101
11110000 
