01000001
11010010
00010001
01010101
00010001
11000101
01010011
00010001
01000001
00011000
11010100
00010001
11000000
00011000
01010110
00010001
11000000
00011000
01010000
10110100
11010111
00010001
11010111
00000101
00000101
00000101
00000101
01001110
10000001
11000110
00011000
11110000
01010011
10011001
01010110
00000101
00000101
01110000
01010000
01010000
01010000
01010101
00011011
01000010
00011000
10000100
01010101
00010001 
01010011 
00011011
11001111 
10000100
01010011
00010001
01011011
00000101
00000101
01001000
10000001
11000000
11110000
01000100
01010101
00011011
00011000
00001100
11010111
11110000
11000000
01010101
10000111
10000001
11000000
11110000
01000111
01010101
00011011
00011000
10000100
01010101
00010001
01010101
00000101
00000101
11001010
10000001
11000000
11110000
11000110
01011111
00011000
10000100
01010110
00010001
11000101
01010011
00010001
00011000
11010010
00010001
11011011
00000101
00000101
00000101
00000101
11001010
10000001
11000000
11110000
11000101
00011000
11010001
00010001
11000000
11011101
11110000