01000001
00010010 
10010101 
11000101 
10010011
11001111
10000100  
01000010 
10000001 
00010100 
11010001 
00000000
00011000
10010110 
11010001
10000100
11011110 
10000001 
00010111 
11001111 
10000100 
00011110 
01101111 
00011011
01101111 
00011101 
10000100 
10011010 
10000001 
10010101 
11000000 
10000100 
00011011 
10000100 
01011111 
10000001 
10010011 
11000000 
01110001 
11000000 
10000100 
00011101 
10000100 
10011100 
00001100 
01101010 
11000000 
10000100 
00011101 
10000100 
10011111 
10000001 
10010101 
11000000 
01110001 
11000000 
10000100 
01011111 
10000100  
00011110  
10000001  
10010110  
11000101 
10010011 
00011101  
00010010  
11000000 
01110000 
00011101 
00010001 
11000000
11100010 